0 44BL2OM2 13 1565
0 NOTFIRST 1 1
2 SN24RQ3P 5 987
2 WR28UJ9R 2 1747
8 YCTPB5WO 11 1079
10 QO42PN7N 9 62
12 KT2N3I7I 8 1212
18 QXXOQ8GU 16 1091
22 CEN020XT 17 35
22 HFB9UWY1 2 429
34 FVK7HBZU 17 1662
39 QLFCU0QV 20 1364
40 NPC509EK 10 506
50 20R82S2P 15 1746
50 KECC5BUR 12 301
51 QCRG4NC2 9 500
64 EHBGKF01 8 292
65 OUMACBZ1 4 1261
65 P2PJEVB5 4 1274
74 M5CEN9YY 8 789
77 B1I5LM9E 5 985
80 1KRWPOZ6 2 1119
80 UTB3E0PI 11 477
83 AAG97ZF7 10 1843
85 NHFBXV8K 5 228
94 KSYG12NW 12 2041
97 18Y9S25B 13 1354
97 UEYP4D73 19 1118
97 VRCFP839 17 1796
99 EATJQP5Y 17 1269
100 EQOSNT1C 1 438
106 USFC1C43 18 1372
110 60YBTEKR 19 1373
116 S300MFHJ 12 975
126 BI7XFVZA 1 728
147 TAFTDVCD 19 870
154 7P8QESC6 5 963
156 3VVR0K6U 10 803
159 M86TB4IA 19 1379
163 ZXIM5PI1 2 794
170 R29I62ZF 10 1931
171 RVJU56H4 19 790
172 5BCC6KS6 3 1132
174 O1EYO4IO 7 469
176 2886KR7L 19 1475
177 YFXWB0P4 3 659
189 7DVITDYP 20 953
202 04WEMO1I 18 2003
206 RC9XCMLC 12 1362
211 NI4F7QFG 15 687
216 YBI1FPL4 9 1135
217 W2IGFMAU 10 453
223 NXRA73Z2 5 1917
223 RPL3SJ71 19 1201
224 P4URMTK7 13 967
224 RY50GH46 12 1181
226 MN87E00V 9 1469
227 JADSJWUW 3 644
245 U0ZOG5X3 11 1925
249 7YD2HJEO 18 1861
251 99LZS5LQ 2 1480
252 7ZKZ08C6 6 1505
256 GWE6HX0C 11 786
256 KD0RAKXR 10 1543
268 1Q5CO02H 6 1602
274 JJF3U1Y9 12 1572
277 SUK2GDVN 8 1130
280 I1KX2Y77 14 233
283 Y35WOL66 3 1357
286 GI4RXW7M 5 1630
290 ZCD20GJ3 17 988
291 69TN47QX 4 1725
294 QD7H1JEV 8 1146
298 7RGZJ7LT 20 2031
303 YCHYR4BH 19 1043
305 JKGAIWYN 6 452
306 00DP2XQT 9 543
309 HDTSTUNC 18 454
310 JAE2ZCFB 10 1428
312 5DP7YKMS 8 531
312 6C68JXGY 6 409
317 CDPRSILR 3 454
334 N6LRHV5Q 20 136
339 3OX6YHUD 8 340
343 AMC041HN 9 442
344 2QCF8M6Q 2 351
356 58KSZIOC 18 276
364 VIUUBW6L 15 1641
382 ZHSB5RBE 9 557
391 LN1VKV10 14 1964
392 8BPOZZ78 4 14
397 PYZN3K3P 13 1258
399 C3SCXV1T 14 1195
402 QHOP66VE 2 915
405 FRC0XWAY 18 1955
406 V1M5PN24 11 173
407 R3POTIXW 18 418
412 5BO2MJOC 5 276
412 52YNFW7W 2 1368
417 SHS7TC77 1 921
429 L4E55E05 17 2000
431 30YKC29V 11 577
434 57K5MY7M 17 1445
437 OZOROYID 4 1870
437 SOPC7P5X 14 1533
439 6V4WFYV4 9 500
443 U7VCXB9I 14 1821
448 QMSAALTX 11 1615
449 FMO4F31B 10 1820
450 EWX4VMZ0 4 655
452 E00CGOKU 4 722
452 RW8Z5NB8 14 462
455 ZGV7VV2L 18 105
463 96EZWCVZ 20 1554
468 FZ1QDF29 13 490
471 FUS9J7J0 1 541
477 CFYPLFNW 12 345
478 6X8OJFO7 12 652
480 HSIUTI5H 18 1337
483 15EVKEM5 8 115
488 7U3F4GEI 5 319
491 NS39NCW4 3 1253
494 HH7SAG6L 19 1978
500 9ISTWHA8 13 1204
500 W5QR0IRQ 18 82
507 VZAEIY1V 11 568
508 K9NE3YXT 17 1937
509 VDUD2YXJ 9 775
511 WIH8DBS9 10 457
517 D2AGWI4U 9 1101
524 O829JVCV 5 218
529 OS0Y1HIT 17 1067
531 XEIDVB7P 1 971
533 1C42AN7K 5 709
538 MKHVRIOP 1 1200
548 QPCO79SS 5 9
561 81N8PBN2 7 139
566 VU5QSA3Q 20 1103
570 FO2GH5GM 5 167
570 WGRH2TQO 15 1168
571 BLAFRNF5 10 319
574 LCGEM82D 17 1097
580 GV4SDEK9 14 2046
580 JO1YL14P 8 30
598 DMLP3PXA 16 1224
604 E108YZEH 10 1795
608 790W09NE 11 618
616 4JHMIJCC 14 1323
617 Q09VD3RK 14 760
622 GGLJQTOH 5 1533
625 JIR9LFAG 12 1393
630 DZ9MAVN1 18 1034
632 Y76IPI73 19 658
633 QOTKQCAY 20 1846
636 WISEDGH5 14 1167
643 3WLSSFSA 11 872
646 CGA43BKC 8 1344
658 85Q2Y2D4 6 1165
661 FK6GIXLH 1 273
665 4TM2ZXJ4 7 1963
666 J9IWZ2HP 1 44
668 GOY83WMD 4 560
671 H0IDVGOS 6 665
679 UFIH02ZY 4 1997
687 V054WS6C 6 1419
698 0BBVQ4E4 20 1700
700 76D7QQ9E 7 1996
712 FB8M4RQJ 19 1453
717 HPXV602M 11 761
720 KSB1V3RZ 9 1981
721 FN1KUXBL 18 466
723 80T5FUG6 5 919
723 GCPUDI2I 12 1175
725 9LMVJ5OH 11 1981
737 S7ZO21PR 12 788
737 UWIP1YWR 13 1670
738 O56ST1O2 10 118
742 RP5KYPI9 5 444
745 GWEI7HMV 17 369
748 ZKSVOMEY 12 116
753 GU2MS686 3 919
761 E6FFOAIC 9 1931
766 E0TOB7DJ 9 478
767 XR4GL2TP 3 1179
772 6U92WX4U 10 1062
774 9E7HCIWP 4 1609
776 7N93RRQX 19 896
788 5D8ODPTD 5 459
793 ZI1F7HMA 8 1482
813 1CG4C84A 17 346
813 Q1SO0DJR 11 1043
816 TLV9OVNU 15 299
818 R4QOXRWE 6 394
819 6DV2UBE7 16 308
821 T30AB64T 11 1431
824 8OSB2SGH 12 487
827 ZHDIBDOY 6 209
832 DE0JE2CT 19 1499
833 MHD8ETHB 4 1330
841 S5VRWJNN 9 632
853 Y14C4KMC 10 1742
864 VPXUMVHZ 2 1068
870 9YSBONQ3 5 372
874 JVCCI5GE 20 434
875 PGE07C74 13 986
877 20GNZE2Y 15 487
879 FYF3AEOE 12 888
892 0EQR7UNZ 8 912
893 1Q2J8YT2 14 1215
893 JOSK4JGI 16 1272
899 W6MYW9O0 5 950
913 XNO9KV56 8 1637
915 65PAYXYU 13 1131
917 0FMXE0UQ 9 712
920 5ANK74CQ 15 990
934 28JFJZJW 10 1865
936 IIFZU98X 10 1835
951 PUSNI8FO 14 1407
954 MJJKNRCM 15 135
954 VFVRDS1C 16 14
961 LF2FUP4M 14 977
962 YDS0VCD2 7 1153
963 AB5SX2OD 20 894
965 TS4KQDAE 6 65
976 55740SG6 3 75
980 BT94M5VT 8 489
983 JXC3SYFH 14 197
984 V1K55KU1 2 1112
984 VX7CLUZG 19 72
988 4YA4Q3XN 5 728
988 EHRIPQSU 6 1529
988 PNHAS36S 12 1173
990 KOUAN83Y 20 1633
993 GY878MTQ 11 1303
1012 G7ESXWCE 4 255
1015 MHL7QCV8 16 1351
1018 9CZHBLCE 20 826
1019 MQ6IOSJY 18 1741
1019 T7GS6LNJ 17 569
1020 D7OECJ9V 20 352
1026 H7J0S6YM 1 86
1026 MVIJ3RZA 13 443
1037 7OFOT8LX 13 606
1039 EZGRAY5F 10 1057
1044 BS4UHOA9 14 1256
1044 TBBPJ6A7 5 633
1055 91XOB71Q 8 252
1076 IKFFG62S 10 1094
1078 SMTR1247 18 1150
1080 Z8U4FRH3 3 93
1087 8A58Q6CM 8 1314
1089 Y83V760R 20 1617
1090 4M9H0B4C 17 1079
1093 A2UZQHH9 18 1067
1096 7C0HJ1I1 6 1641
1100 8UY7FDTD 5 629
1105 F7XWHVI7 9 1273
1105 IBSPXQU0 13 1060
1109 B8KAI56M 14 1329
1116 T6FPU3BI 16 1390
1118 9ITXSJJI 13 590
1121 NRV1C3AT 11 1152
1126 UQK088AM 20 1077
1129 MJIKGQY4 15 615
1134 AL8BDCJL 11 1805
1134 QAJEL1VQ 2 1919
1136 8VETJ3G9 14 332
1136 ZIKAN71U 8 746
1137 H4XUMATB 3 1435
1141 WH0M75Q2 12 1835
1156 INGJDOUP 17 105
1157 BNAE4SOP 11 1389
1162 C2C0KUNF 16 112
1164 EPBJCMJ4 9 556
1166 OCLXIQW4 1 13
1168 NYQR9O42 6 455
1169 NUS81PZY 3 296
1173 B7TCCIDB 8 466
1173 SPADO8C3 10 1772
1174 S156K39I 7 1837
1178 EY370YG3 5 466
1178 PQ0X61VV 4 1458
1181 P6Z46AXN 19 1369
1182 J9Z32SES 12 1879
1185 LRCPLLNU 8 1275
1192 5CBEZEEI 13 653
1220 02N6VXH0 14 1634
1221 DU3TWUZ0 16 1459
1223 HUK9T0B3 13 526
1223 SFA7P9IC 7 1576
1224 505P32QU 16 1817
1226 V3BRYC9X 8 813
1228 16E3FSOW 12 1089
1230 Y8CT6H37 20 1131
1236 O4RNQKO6 15 1319
1236 OA249MAM 10 1907
1237 DLSLQE5L 6 207
1244 BB43MALX 7 1518
1249 L6937KUQ 12 1643
1253 BYPQEDR8 7 1551
1255 KJM0DDYP 3 1451
1259 G89ZYJDS 16 442
1261 U70SSGK0 15 1620
1262 G469LIUW 2 280
1266 B9LVIWUF 8 780
1276 W7W4U4TP 20 146
1280 U754H33K 9 1399
1282 P7XRJAWW 16 719
1292 I4U99VW3 12 1417
1300 WGBNCG8B 1 885
1307 WN3MQMGN 13 1129
1309 3E716IH1 14 166
1309 03OB75GW 9 1143
1310 UMZ5YROG 19 210
1314 BLEYLJ9E 11 1953
1316 QLNF2Q25 2 739
1322 RBDN9I9L 14 1427
1330 4TL5SW4C 4 1438
1333 9NLFBLMO 6 175
1336 Y6YY5C3P 16 891
1354 DTLPIBIW 8 389
1359 O0EDFRIF 14 2030
1361 GCRBWEK2 7 1555
1370 1GHVA6OT 3 743
1376 CPYJHCGU 12 288
1379 JZCCE9J0 8 113
1385 FT7UNQN0 18 306
1387 2WG8348E 3 1305
1388 9WH1H7P7 20 1504
1391 LD2KDU4R 2 196
1392 TKA8QZHS 12 191
1393 YO5THDUC 17 1592
1396 3FIW70WZ 5 2003
1397 NY5TLNDS 1 1844
1400 GXVYKOYC 1 456
1409 JO74IC29 20 417
1415 4A9132MN 12 23
1426 ABUYSJF3 2 98
1428 S3QUPM7N 9 1764
1436 7E59Z5QN 16 60
1440 RIGF1TEC 9 270
1446 HDIY1L76 14 1820
1460 87FGDO3O 15 974
1461 2TC2GA0A 20 179
1461 T45JYIA4 8 990
1465 6TAYXQR3 2 1808
1471 6QKDTCMX 17 1634
1478 CVANM3RX 10 544
1499 97FVR5AM 11 855
1499 DIX4GD3S 1 1695
1499 K4HU9GIH 17 528
1505 WPFNJR0U 9 745
1507 BVPEX22D 16 1997
1513 SBNUZJID 18 66
1516 ZCEOARWO 11 38
1519 2Y17MHAJ 17 1130
1521 L2SEB1T6 2 1662
1524 4FTNJFM5 11 1277
1530 0KP9X3VJ 6 1454
1532 3JOHRXW8 9 501
1533 FAEYN6G4 14 1669
1540 A24PSLF6 12 1127
1544 UTCC45TS 2 1798
1546 OSW5OOMJ 18 127
1550 18I1QTVT 13 2037
1552 34DNP1EB 13 1503
1553 2ZVB35V4 20 1961
1556 082I4HQF 17 604
1570 VI80X41Y 2 1284
1573 8HXTGQHB 20 1874
1575 4SN4RI6B 11 1733
1585 0H46RRII 10 1344
1593 1VHCWO3V 20 1184
1598 BCP5ZXTI 8 1614
1599 R7H3MR61 3 1200
1603 APAOIZGF 2 698
1613 827X7LRM 10 212
1615 R14C67CY 12 1687
1617 1IRWU1E5 13 1066
1622 E8XHGX2B 12 604
1637 0R83X1ER 10 101
1640 38PRGXGB 3 1664
1642 3HU1VLGO 16 921
1645 DDU4C5NG 13 941
1645 VAEMI15M 9 579
1646 4XF0PONF 2 1915
1661 126AUK75 5 1306
1661 B5Q1FTJS 9 1804
1662 3F73EI5T 13 705
1689 TJFK0IWA 16 657
1727 F7CUNM1Z 9 982
1730 0PSJBEV1 16 933
1735 BJPDS247 20 1170
1737 CRNTVA90 16 756
1747 T1F9LFQY 7 1428
1750 OLVYYT09 9 766
1765 INNKKTR2 18 787
1766 FDDA5WLU 12 838
1774 OGOCDF0N 6 863
1778 G5DRL9YD 15 1141
1778 SIG6Y2HP 16 306
1779 PPDK4IV6 18 722
1780 OM943OIC 1 1480
1783 VEX7O9QY 14 1080
1794 4YHHVPIJ 12 458
1795 IGXC8L2V 10 1246
1802 68LZRGZH 1 1610
1803 V6921S9L 13 435
1809 P98CVSQH 12 1202
1810 5B51FPP8 20 2001
1810 ERFZPYJ8 2 408
1813 3BCKVGWZ 9 1710
1814 DG4FR5VX 4 1673
1820 C5QK28M2 9 1310
1822 ILEXW4OW 1 658
1830 IXHDJ66O 20 221
1831 30SLG4NT 15 1049
1843 LQP51PXH 3 330
1843 XREWWOUB 11 1541
1843 XWO2F3PQ 6 1754
1849 QB0RXTG6 11 1884
1853 PMDZX30W 1 248
1856 GM3OSL82 13 1377
1861 NW25C3EG 19 332
1863 OZFLKG37 12 148
1876 V8Y0LSAE 13 1499
1881 TMOXGP46 2 203
1886 4BAJTRSD 3 923
1889 DDU1QRKH 11 1603
1894 6S9B3MXV 16 433
1895 K1O3NX8M 14 1934
1896 ERLW2CTH 8 1271
1899 UEGX4GNA 16 1928
1901 JI85FY1Y 3 301
1903 GFYD93X9 4 1449
1907 UC5N10SI 1 964
1911 3SFPK0C5 7 1344
1919 FYG1QUZD 6 1528
1926 F0AW7NMK 17 958
1932 1P54IODN 7 412
1932 75RBOLYJ 19 824
1935 LJARY8V0 9 1714
1936 RI2MSSQY 8 1836
1939 K1VBTVHO 14 382
1941 I9CEQ6SH 6 667
1948 3CY257V4 2 141
1948 DMAZ5E6C 12 1623
1959 SJLOASJ3 5 1885
1960 PMG09YPX 16 298
1964 ZWUT19O9 10 689
1966 94ZSYI11 20 1436
1968 DPW8B2Z9 4 1209
1968 TJE7N1CG 14 834
1974 SJ6M0D89 10 1873
1984 F2SAHG8T 15 276
1993 HUEETAGG 1 1503
1995 WPZQL7VY 10 301
1999 81DHIRK6 12 620
2006 Q3L7UACK 8 2027
2007 VSB0QHEH 15 142
2018 LWLW29J8 11 1516
2024 L6CE9GQ6 13 853
2030 6WAK1H94 4 1755
2036 PMU3RYB1 20 1732
2039 A9JDNNIW 20 1771
2039 QPCOP7OZ 7 857
2043 FL3YOI1U 15 266
2052 OUNLFRVA 1 1371
2052 ZEXUXKSZ 10 1806
2055 6I97SEMK 16 1274
2057 2UJP08Y6 18 51
2057 083FEKGP 13 1410
2058 00G99D89 9 1432
2058 9HXZVWNK 1 457
2059 5GNY005N 18 1991
2069 AB4SXWQG 15 1822
2069 KG60KRF8 4 651
2071 5AWAOKY0 12 1235
2072 81741QNV 12 1257
2082 Z7LXR0Y6 5 1228
2083 02TJ97Y4 14 567
2087 TW7EQI5R 6 1001
2095 7A0RWN1U 9 1085
2096 4VLCTO0R 20 1010
2097 4K2DUSDZ 18 1819
2102 KX8ZG54W 2 1273
2111 8VF2GS6H 8 208
2114 O7ZGQAUN 16 502
2128 TPMR18RY 10 357
2135 NMVXTN2D 3 912
2140 45E08JJC 1 554
2148 7DAV8RPK 10 965
2150 TYRBPBZC 19 1107
2158 Y7P8QGBP 15 501
2164 TOJ80HZH 1 1220
2174 SL1Y0RV4 15 1102
2180 TX4F2ECV 4 1705
2183 E5IF4SH4 1 386
2185 H0X0SGX5 20 214
2202 5MPZHZRI 11 1188
2203 YBM8HMW4 17 774
2206 01MRW0EO 14 1317
2206 83G0NX8R 5 25
2213 C553OU51 16 1109
2215 LTNM25FB 15 1799
2216 MWMVYWF3 11 1345
2216 S6NXG0XV 4 1082
2216 WKL9H5MN 19 786
2232 2J6QJ9JK 19 1975
2232 BKY0OTB6 17 1983
2244 S0DB2PVH 3 1889
2249 8N6C5YA5 15 898
2253 FFHHMMYN 4 1683
2253 SJ2B39OX 10 80
2253 Z3MA5B37 19 1324
2254 OR3QM7C0 12 1991
2273 S1J6KKYA 20 1633
2277 WE4ZNZHK 5 799
2282 QXAC22MQ 2 1402
2290 5ER4X661 18 1196
2297 TNYHCDEG 13 687
2297 XPNLBLRA 12 124
2298 M38K7Q9M 8 1515
2306 KOA0JU7O 8 26
2308 XML51O01 3 1980
2310 TCAUGCKJ 6 1857
2316 YNN5GL9B 19 215
2323 SOJ2JUB5 4 1343
2338 ELWMTKVZ 12 1780
2344 YY4T8L3C 13 856
2345 1435NPFZ 17 1156
2345 CCIUHGAV 9 1641
2351 1AGNR7UD 13 874
2352 OJP7BQOM 13 1833
2355 VYQNA56E 12 1971
2357 KLTVGL54 15 1608
2358 E2IUOUZN 14 1802
2364 6WXS0M7A 9 998
2369 QRZVBPXX 13 771
2375 MYRRMB59 4 1138
2381 KEKEN224 12 614
2384 NGKJ40E7 13 783
2385 ATP24ORQ 13 1544
2389 LDZE3QZR 3 1695
2392 FZ4C8MPE 12 1204
2392 ZW7KBUKH 20 770
2397 0DGM16Y3 15 1914
2398 O3Q7QGUA 3 1188
2399 XQF7K4S7 18 1132
2402 C7BJO4IP 10 1515
2404 G2P1DA7C 15 1186
2407 VHYRGAAM 20 1071
2410 4V5MC2DM 16 370
2415 0LXFT8TF 11 1129
2418 ULA30IZL 2 1596
2420 R8SUCO41 19 1878
2428 F4E78RL5 6 492
2429 FOURE7NR 11 321
2431 OAO2QWDV 11 289
2440 ES3DLIL5 16 1658
2442 KHAQR932 3 424
2443 98KP1LZT 14 85
2446 R5BGNMMB 13 110
2450 MAVIVJNY 5 110
2454 K77DPISO 8 99
2456 J5UR3ZZE 8 1398
2458 GVJFJVG7 1 346
2464 EN61RZPP 5 1664
2465 OA6H1MUT 19 1559
2473 17MQ3KXA 2 707
2478 22175DOX 6 83
2479 TND7ESS7 2 887
2485 K65LOJ9J 12 1439
2490 YD9X0SW6 13 1579
2493 ASN6JW8A 4 1925
2493 L3533HZW 15 893
2495 GYGFW21L 14 1553
2500 KOUX8T6A 4 1670
2501 ZWK1SY8M 18 1245
2505 C1TIIO24 9 792
2508 LWSM9CFK 6 1328
2510 W16T62DQ 10 619
2536 LYIY9YB6 3 969
2538 MDF5GWNT 20 1691
2542 XT94AZGR 17 674
2542 ZTKEZPTZ 16 1822
2543 1DFW5288 19 1222
2552 7FEA0AHJ 7 1503
2553 64O6PMC4 5 938
2555 QYN0QFYD 15 253
2557 U1BZ6C40 17 906
2559 FZKTJL51 16 1405
2563 XDOABTRX 2 433
2570 0JDRRRCE 20 1755
2571 YYULF9R5 9 2004
2572 KPCBKQD9 14 87
2578 44KK3N7L 17 1863
2580 3TPVXMY5 17 436
2586 GQZZD0TE 12 426
2588 E2QAQPH4 13 753
2589 LD4KPIAN 3 1529
2589 NEF9CYVP 15 249
2595 Y5FQSDKD 19 1554
2604 PK0BYD86 10 1585
2610 M34WFEY5 20 295
2612 0USOQ60W 12 1829
2612 TY83V0OX 3 62
2618 AQ0GHSJ7 19 1187
2621 4URIBGI8 14 72
2625 URTQ6L4P 17 182
2626 VCM6GB7D 12 705
2630 T4RZ91CW 19 1437
2636 GLI07NH9 18 1432
2639 44SK13XT 3 1842
2641 XWNEJ1IH 9 1001
2645 WD4S3TAC 6 144
2654 S4VNAPZP 5 537
2655 EOPEUGVZ 9 1998
2655 HUIYKNIV 6 825
2662 CW0MNT5V 9 1219
2676 KBF6AKY2 4 879
2677 69IN1G4S 19 337
2680 KJMYOP2Z 2 1068
2682 3YIRGBNR 2 577
2683 3885DNS8 9 1417
2685 OTCV7AS5 16 306
2694 307DLH4K 17 686
2697 7HO7DD5B 9 158
2707 ZRYRACOM 2 814
2716 23VCLH50 12 242
2716 E1YLIDCQ 16 1745
2717 MWOKQASD 19 851
2719 G3D0FYEQ 12 685
2732 U29NVTW3 12 1307
2737 I9N4ZEVO 15 258
2747 NJ3RR4QF 17 461
2753 XM8GYXOX 13 1521
2757 HX64D8FC 10 1619
2759 WJ1PD36U 7 1382
2766 R43V7R0K 3 720
2773 Z2GSZ43L 3 318
2774 JIL5XQKN 2 577
2775 WY01MBLL 2 506
2782 UYKMTGQN 13 1125
2800 5AGY14SJ 8 1926
2826 913J9LYG 16 1471
2830 5EYUDOU7 15 44
2831 0LWRKUW9 2 762
2841 IS5LV3P8 14 1155
2844 1GPHDS72 3 320
2844 ND4EDEVO 19 777
2844 RC2DG8F2 14 884
2847 4JE9BZ5G 7 1643
2848 08L8OPBR 1 1449
2851 2YB96ZIV 4 801
2851 32YW31XR 7 1925
2852 6FKCABO3 8 1874
2852 JASYIXZP 15 827
2854 LRWZSDE7 8 716
2860 IOS260U0 3 1198
2862 3JNYYIIY 18 610
2868 ARUSDMKO 20 105
2868 UOUE600F 9 1088
2871 DG2CT1W8 4 1370
2877 SBOQMPN5 8 155
2883 6BRF0YMT 12 1707
2888 2YPDRFPH 5 621
2891 LDFMBJ2F 14 1730
2892 OV6WS9PB 2 1777
2897 6XDDI68X 12 896
2899 6262NJIL 2 121
2899 AW5P0J7L 10 9
2907 K2AGBM7P 9 1218
2909 Z5R6P0FY 15 1437
2914 8R9CNYEP 11 305
2914 T664YGZ5 7 701
2921 6MNNJGTR 17 1564
2925 UBPC28BW 12 1055
2926 BBS4FXAR 16 652
2926 VCAIAKB2 2 716
2929 5PPE9E8I 12 1126
2931 A34ZRNNO 6 1042
2938 VUX5TL82 20 1823
2940 FL2JF3M8 12 129
2945 M13ON7EI 14 1334
2961 SSX4XQ7U 5 1989
2965 UM4UZIIU 11 952
2966 TAWT3NG7 3 509
2976 T7HNOA1E 1 1747
2978 9UEUEYOK 14 1147
2981 JX42D8O1 4 171
2982 AZEAYXRT 4 1296
2990 0FSE9ZGZ 5 258
2990 T4FRB7ZY 9 268
2993 6MW8NZJL 5 353
2995 LWND8NQY 19 645
3008 F68DXI59 5 177
3018 H06X5DZR 10 1148
3020 MQA973GL 11 520
3031 JAOM6MZ3 7 780
3033 SGQS96AN 11 997
3034 LNL1JGKH 8 13
3053 83XFTL06 14 436
3054 RNLTW1RN 20 414
3057 TDZP0WZE 20 418
3058 I87NKBUV 15 1477
3062 0IR8GG5I 2 1846
3073 YCGYRKSL 12 21
3083 2CZ4B721 2 698
3083 N3X90N52 13 178
3084 PALB23LQ 6 1442
3085 EYYNRP9I 9 826
3085 H30GP4JH 19 1142
3097 202148QE 10 213
3098 HJ23DLMS 2 1256
3109 54SQFFV9 2 1684
3113 06R25JMC 11 989
3124 FTBZ8T0L 8 86
3127 2X6VTLBQ 19 1193
3130 VG841KM8 5 583
3131 1BHS5FNJ 2 603
3131 JKVGL0YS 9 921
3138 TYLWP23A 2 1025
3142 OGQ0NZJB 12 1690
3142 YY5GC8M3 19 1880
3147 83QCZVRD 1 936
3148 O71PQQVU 19 1723
3150 EWYYCY8W 5 183
3152 1YGCJ3FM 14 1328
3164 VIAIXBOD 3 1829
3170 59Q5UJWM 8 1674
3171 GOLZ0NV9 6 319
3171 U32ZPXGZ 20 1283
3173 G0NCYJHP 6 859
3178 Z8EBESVD 11 468
3179 T3314BHO 17 1517
3182 E18GTIMB 1 1188
3184 WRYN2MN8 7 1347
3190 QVLRCLDW 15 172
3192 5V2MAM3X 15 583
3193 CKOCN2CZ 2 272
3193 RTSFE9QX 1 1683
3194 5WI0E6FS 3 1901
3199 U0CRMDBL 14 1420
3200 7H090KWG 19 1
3205 I7LK7OGQ 7 1369
3210 PHQEQK4W 15 1159
3211 5A0H3QEN 4 362
3221 4O7KL9LH 10 479
3224 TWTNCGZ3 16 1502
3224 ZZGLWK1Y 2 554
3233 TDXRKXXZ 16 1615
3236 3BZF259X 4 1085
3241 8Q9S4BDE 2 435
3242 NK4JMJD3 3 962
3245 71ATPKNV 14 1501
3245 A701SFDD 4 1668
3246 U6U54EGJ 14 357
3261 H1SIHQJ2 14 1455
3264 2TAX21SV 9 279
3274 U71TEEL4 6 865
3276 8TNQ9FPJ 17 1897
3290 SUBVGV8M 20 1235
3294 MVWHOF6W 8 499
3294 WMLOQ9SN 1 343
3299 LB15NH63 1 1354
3302 DIANS0B9 6 1541
3305 NWBK4R7T 9 1961
3307 K7LGEIWF 2 1638
3308 PRT7XZX7 5 1533
3311 ZG52BEPA 12 1102
3313 P8VM9RQ5 4 1337
3314 IDYGJK0H 13 896
3323 T7M8K0JM 10 1908
3326 IYFA3N6U 11 342
3337 QG8FZENA 13 1470
3340 JTD7RXP5 17 1681
3344 FHSJRFNP 17 1984
3345 MCOP3N64 10 465
3347 81IMJP8J 19 163
3350 UEZ9S2MH 3 780
3353 N1C1BC8L 5 909
3370 KRR94SEG 13 1937
3372 GAZ8VA19 3 537
3373 AXQQ4UYO 19 1
3384 BQNLDJLL 14 118
3390 FPU5NODV 10 690
3391 JQUTPVTL 14 1840
3399 LN0ML4CD 19 1632
3403 HEOUX39F 9 1852
3403 I5HCRKUQ 14 566
3405 8M9XP9IY 4 112
3407 3UEJM2Z5 17 1077
3410 IFP5QLF8 8 1467
3413 UM4KN5DV 13 1841
3413 VUG76SRG 10 1145
3415 3WHLG1B0 10 1354
3418 TXD0CHG4 13 808
3424 O7QWF0DI 20 1516
3425 WJOKOU7O 11 1507
3429 CRWECGDT 8 595
3429 FLQVEUHM 4 1999
3430 1SCTTZQL 14 331
3430 YP51WPGM 7 1415
3432 8CZ3BEEV 5 1007
3432 HJN2G4QZ 20 944
3434 XGMMZPO3 6 1454
3448 8X0T2NBN 5 1224
3449 GDY45JUA 2 1871
3451 L4BHDLVU 18 715
3452 PRA3D8LT 1 1087
3454 KDCRSPVX 9 1068
3456 RQ1IHEEL 2 1899
3459 9IDQCTEN 1 486
3461 C282ZGMD 6 561
3466 ND5VJAZ6 15 210
3471 NK7PRP9W 9 1249
3483 5NUD0VZC 6 1707
3483 6VQR2TN4 8 1963
3490 HMAEID0B 18 1420
3497 M36RGFA0 9 313
3504 O9H24Q3C 11 1687
3505 UUKM9Z8Q 19 1128
3517 4HYIMAQI 10 632
3518 NE8EKXOV 16 243
3521 0D58D9KM 6 809
3522 DN9SKPH8 4 1076
3523 36QLI5PA 16 1007
3524 QRM7VKFM 16 611
3525 R9AXH4XG 13 78
3538 H28ALXAQ 20 1259
3544 TMX8IQP6 20 1449
3547 M18AFGV1 7 1523
3548 0NKBIUDM 1 420
3553 WK785CVL 15 1590
3558 BEDZ3OB0 10 1517
3560 PUQHI06J 7 375
3564 SD9TBQ3V 8 40
3568 BPYUNL38 2 340
3568 QDO8I9AO 5 1309
3572 CQLRAEOJ 6 71
3572 IQI7BZFE 14 294
3575 1VSZW0I4 14 347
3577 JKLL02P1 3 1167
3579 6SAQ43H3 11 1025
3583 LXVPA04J 18 1097
3599 K3C4CWHF 9 455
3601 2UZJ1RNN 1 1190
3610 2IK5QRRF 5 351
3613 5M568TRD 1 1652
3617 GXNVKJ5E 4 174
3627 UG4JSEJC 20 1910
3629 CFC20J4H 10 1157
3629 HZJDW75Y 3 1587
3630 BSLRKTZU 4 115
3633 2OI94184 11 1791
3635 O8LWGIBC 19 776
3642 SO4SKATU 18 1627
3645 V7AGQLCU 12 862
3650 UCN8096G 12 465
3650 UL70HR77 12 2029
3665 A6SABINO 6 1604
3671 774FQZ95 17 48
3674 WBWSM630 2 1185
3676 YPH7SECG 14 1883
3682 91WU0WX5 7 1204
3683 OZHLFRTC 2 1931
3690 Q9P1GCND 13 1336
3691 VTMFD0FY 7 1590
3713 7XTUT7J6 13 1327
3715 4KHEXMW6 5 1417
3717 NGLILIXB 19 855
3726 4TW2J242 10 1947
3727 XKIO7Z46 7 1088
3730 13XON8MX 3 971
3736 K2MK2BVP 19 1381
3737 0P8SSZVP 15 1843
3741 H7JQGL4B 2 488
3744 BVVLHEQ4 13 777
3747 1XMBWNCU 7 194
3752 XEVK9UV1 10 944
3754 FATNL2WV 13 468
3759 RM9B12TP 9 474
3761 JV23Y0DM 12 1586
3766 IYR6E4RT 5 543
3769 U4CFGBQ7 15 1725
3782 LMGDWW3Y 20 1888
3791 74BAIG4Z 10 1746
3792 7P3H8ZT2 20 727
3795 72D0PSG5 20 591
3798 QXD7SZ5I 15 450
3799 QLHO5BCN 2 1093
3800 884S6ZDN 16 743
3802 H8MZSHWH 20 384
3808 8JKI31O9 18 1452
3810 066KA2YO 13 628
3823 V6XPQYIE 14 1802
3823 ZU4G15DV 8 389
3827 Q6HCSOC0 9 1975
3831 8F4AH0PZ 13 1445
3840 P55IOC2Y 8 2002
3840 U5CFOYG2 8 1463
3841 64HHA9SH 10 1141
3847 PKWJ7KPR 14 1630
3851 SROFDXFC 2 1836
3853 JG63MMO4 10 654
3856 4QEBVH9H 4 1261
3857 VCFHVMEC 11 132
3864 8A2AAYGA 2 300
3871 8EKHBXO5 1 1207
3872 4ZH1RCB6 14 148
3879 HSL7BN1T 6 437
3880 GB28RXP8 18 544
3895 O096NB6Y 18 651
3906 3D050U52 10 1220
3908 91KKLDQM 5 165
3909 SPXHX18G 14 597
3914 YIB8UYJ3 11 1600
3915 86X5B9NM 15 718
3916 XFLUDFZ8 5 1494
3924 121LBI6A 19 127
3932 7NMSR2QK 17 1041
3940 PEIORYR3 20 800
3941 RQRNIGAQ 6 69
3952 9P532YY4 10 750
3953 96NOVUL8 8 2047
3962 MM5PJ7N9 6 410
3963 AJ0RHF5S 5 468
3965 W55JOF0U 1 436
3968 MQLI45OI 4 1492
3976 7G5KEKVP 2 1349
3978 MVZEJFHL 12 854
3980 CLP0ZDH1 11 1205
3985 9D47M4XV 5 299
3985 W4DW61JF 13 1517
3992 HW4G9QLY 13 342
3993 VWKA8GSO 12 564
3996 MYKXIVC7 20 311
3998 A70OGQNH 14 737
3999 3J8LWJWI 5 86
4008 993QTX1G 8 312
4009 8AJWGO9J 8 483
4011 VN4HZ2RN 10 868
4015 EHTZZBPK 13 398
4022 30ZIRT5F 10 35
4026 J46L1XKO 10 909
4028 JVTRUL28 6 1473
4035 UHBHHS37 12 1518
4039 VUQ2HDEV 12 865
4040 KJ3ADVXB 19 13
4047 2P1MM9R0 4 277
4049 DV7MEQX2 1 2024
4050 VK3V3JFL 15 2031
4052 ALYOJ42G 4 1599
4052 O0XY4H5N 5 911
4059 HPSLEH1L 15 1931
4060 HENKB7PS 6 1295
4067 KJSIZXN5 2 359
4071 RR509Z6U 9 1209
4072 Z6SE2JY2 12 714
4074 1VGHL9DR 11 1580
4074 3FMBNJ2J 4 2004
4076 FFJICF51 17 686
4084 3DP2292A 9 523
4089 P6GOWIPF 14 1701
4104 OFLP0I5J 14 1405
4112 K9AOP498 2 1299
4118 YR62GCAR 15 1589
4122 3OA521TU 7 1643
4125 18CY950C 5 530
4129 VIDN5IXF 1 330
4146 5XNPZXCZ 7 521
4148 A7X7B0E3 4 1966
4149 A6ODOEP4 19 806
4153 K2OPW1GZ 18 67
4154 JS04MK1V 15 146
4157 6G22BRFM 6 623
4167 MQY2RAO9 19 945
4168 C9UU5EAM 13 1226
4171 I2J7RWKS 11 550
4172 A2HM3YCX 13 1835
4181 AW34Y4O1 1 585
4195 MMZF4XKG 18 1531
4201 RQTAM9RA 4 259
4207 NQ77NOJO 8 169
4208 4OV5C00W 16 103
4210 1UN1MJMS 10 406
4210 IPJIRUK2 16 88
4214 RAOMZD4Q 11 92
4217 TJ29PY7K 7 7
4218 C3GQZO60 9 242
4219 6OUIIVKV 16 429
4225 O0GASE0K 11 1791
4232 4URPC1LV 5 974
4236 K2IVGSXJ 11 1544
4239 1WFR5C8U 18 259
4247 NKAPFJ7K 7 393
4257 6WNJ9HNM 5 303
4260 FMD1EFKI 11 1354
4263 7EJTRIQ2 2 134
4265 Q2TEW07U 13 1826
4269 213VTX24 18 1577
4269 VJJ36VXY 19 421
4271 9OB08S54 18 489
4303 5NWETXD6 12 138
4308 ZDOD432D 1 2003
4311 2B9EPD8Z 17 1313
4316 S793O9NS 15 805
4319 W8MRQCPJ 9 1682
4329 CRA1JM8B 16 236
4329 ZWFL4HC2 4 1274
4337 GVF3OZ21 19 1932
4342 76S4NHNH 1 325
4343 GH5K78C5 10 1529
4357 5PDXL01M 15 1802
4360 69Z2Y7UF 10 1492
4368 QCZ62UB8 3 2010
4374 5XNSPPGT 14 1666
4376 7BANHHI4 20 1285
4379 UNKT326O 17 1955
4383 B76D7P7Q 3 1266
4385 801DGJXI 18 1078
4385 CUNMBK69 3 1864
4388 G2C0I6RF 14 1674
4402 BAC55IRB 15 1444
4403 5ZHSQ3OS 1 1015
4407 KGLV712Z 4 844
4423 21GEIGWL 10 1004
4424 OVR32O8C 3 1212
4425 HUZ873QC 11 329
4426 KHSVZN79 6 1534
4434 E2LC70IX 18 981
4436 XIGGS5OM 2 397
4438 UZQ1Y6GR 6 316
4441 NGGGGQ5V 9 1649
4442 RMBRG62O 3 1005
4448 TMWH19WY 18 478
4449 YTH2DD8B 15 1637
4464 FSQZNM9L 19 609
4471 PLM9X8Y5 4 1493
4474 W3P9ARW7 7 1963
4476 66GNZTX3 15 494
4477 4IG2KTZX 20 1497
4496 SPYNFIZX 11 42
4516 FAQP93UT 11 1870
4519 4FZOLL91 19 757
4519 ELLRUCKV 1 196
4529 NEZEQK2T 12 1130
4531 0YJVXSJ7 2 1335
4532 VINKAR3N 6 599
4533 COD62AG6 4 2026
4536 I9I00MPY 10 1058
4536 SAA3169V 6 470
4539 D99P8WWM 18 1202
4539 J28P51JI 17 2040
4543 SYDM4WCJ 10 410
4556 8D690U2Q 13 1841
4560 JHR3G1B3 14 291
4562 ZCTTEX0S 4 754
4563 OER3NRX9 20 1697
4564 O3PB2Y7Q 1 457
4567 3CQM6GV5 16 1602
4567 NHP7P77P 12 1736
4569 YB2SHI0V 17 1264
4579 MHDXJP02 9 1445
4583 66ANQ7JW 11 778
4585 NNWHKHVH 18 1519
4586 T46N74JD 1 268
4587 G5KOTWPP 10 845
4594 2HFE5BHG 16 1948
4601 3Q7C0N8P 4 477
4602 NTZCNA2Y 3 1271
4606 SKH3M335 3 1331
4607 HBWG4A59 1 406
4613 7PJWRVEJ 20 1942
4616 0SPWJT0X 8 709
4625 YMW25PIL 10 510
4626 DCWABGQE 14 435
4628 RGHG010Z 13 1618
4632 5Y3FJOSO 11 789
4642 FFGBOPGK 18 281
4649 Q6FV92FV 18 523
4650 1KOPJ41I 18 1719
4650 YWTQIQLQ 4 1677
4651 GXCDUX8R 7 624
4653 03MY4I3R 10 342
4655 18U1T4E6 17 986
4659 70A3EWMP 4 1313
4663 R31Z6AE5 9 672
4663 UFC4S811 16 1975
4668 QCWJMNL8 14 931
4675 21X4UUPY 11 1068
4680 LDTQWNMX 5 155
4684 ZFVDGKAZ 10 1470
4685 MV90VVQR 11 1278
4688 X4HDRYRR 14 323
4689 9ZQW6NN7 6 2029
4689 K1KAWIK2 5 229
4689 N8IWSTOR 8 329
4696 3XYONL5V 12 281
4701 8HLLH3EE 4 949
4705 E7TPYGDM 2 1402
4708 JBJNK9VH 3 274
4709 OQEEZCX1 11 1841
4715 910OEER0 7 122
4715 OFE07FDR 5 1749
4718 L03KZSL5 7 1017
4719 12LVNJ07 19 1482
4720 49BBD864 7 256
4720 HPBYOO9Y 6 1379
4720 W16846QM 5 400
4722 ZBWWOHAU 5 978
4726 NF151QYA 1 698
4728 JOL6YQTZ 3 1694
4728 O6FSTE8M 9 1018
4734 I2GNTYW1 2 1913
4735 I5TC8382 3 210
4749 MZ5M4MSY 7 1848
4750 SHDDFEJI 20 872
4751 0J89PPXU 10 1773
4751 LG5NH3WJ 4 374
4754 XO8HJN6W 11 525
4755 4LV6KA62 16 506
4755 JN4K04WU 15 1443
4755 WEU06DOH 5 285
4759 2PZDCFRR 13 831
4759 QU7AX3M1 15 475
4762 B4RN1PRM 17 743
4762 JULMD5KK 13 960
4765 GQHZ8SKD 15 1042
4771 GZ13Z586 13 1939
4775 8DO3V5WQ 17 1109
4775 X817DMCY 11 1126
4779 AQXSTX6C 1 178
4779 Z80XHA48 20 728
4782 4VV1KXLJ 12 465
4787 PJPGJTFI 20 1922
4794 VLLECOI1 18 128
4795 JFFKB9I4 20 1945
4798 IAP57NRR 11 519
4798 TJABN4U6 8 1754
4805 VIILAIY6 9 1896
4805 Z5MKYGOE 13 629
4807 2CFP9DLL 10 608
4812 BSNQQK5L 3 1643
4816 AZK25PJJ 4 1162
4820 9WXYKGAK 17 1129
4820 C4GG1PEY 20 1387
4820 V3AENG7X 1 1385
4824 X5JDW97F 1 295
4827 A0AD0UFM 19 1437
4828 KYXSC9R5 18 1431
4833 QITBEZYA 9 1576
4834 M55FD1KI 14 692
4838 VUU7XZHW 14 231
4839 M26M7SNC 16 1961
4840 QWHIFPB4 20 726
4843 5Y5J7IZK 6 992
4847 CKK07VXQ 17 1080
4852 SNYGU0KO 20 534
4859 E3G1GDBO 7 1873
4859 PA8R8XQ0 15 895
4861 2LSNAKIO 3 1602
4861 7SMJ4OT4 4 1557
4866 J1RHY9IP 14 237
4877 ZCQ9UXW5 14 863
4881 3B64CENG 13 1764
4882 QPREPTGB 13 423
4885 ZX8FRO5M 8 1654
4892 ZA4VMHP3 14 811
4894 JP4WMKNO 16 1884
4898 GFRLTERD 17 1504
4905 UUL16K1R 8 1700
4908 BZVNPE0B 14 2035
4911 IGMHGDC7 15 191
4911 XG2OIELS 4 294
4916 28HVC7TL 15 216
4933 KX5SW98W 2 804
4940 H4CD8053 15 1070
4941 PAH4OD8Y 3 1885
4942 ELWKEKHE 11 356
4951 9QXN29CD 11 568
4952 GQQ67K9M 12 952
4958 7MZCQ211 14 478
4958 W572MZ80 19 727
4960 YX4Y8USI 12 196
4964 ZNL1BY4I 7 424
4967 UBWIYD3X 5 290
4975 2NG4PD5U 16 754
4979 F0HFB5UQ 2 1138
4979 ZKLC1FJ9 13 1220
4980 9DQXNTL8 10 1311
4980 FUJBFL93 15 5
4986 D9FBN8DH 15 1436
4987 EKXJKG1H 3 383
4988 1MKG398A 12 1972
4988 X7DDUME8 4 1112
4991 ZK1EI36V 3 1208
4994 WCIF5SJS 7 1532
4997 1XM7C41C 18 1363
