0 44BL2OM2 13 1565
0 NOTFIRST 1 1
2 WR28UJ9R 2 1747
8 YCTPB5WO 11 1079
10 QO42PN7N 9 62
12 KT2N3I7I 8 1212
18 QXXOQ8GU 16 1091
22 CEN020XT 17 35
39 QLFCU0QV 20 1364
40 NPC509EK 10 506
64 EHBGKF01 8 292
74 M5CEN9YY 8 789
77 B1I5LM9E 5 985
80 1KRWPOZ6 2 1119
83 AAG97ZF7 10 1843
94 KSYG12NW 12 2041
97 UEYP4D73 19 1118
116 S300MFHJ 12 975
126 BI7XFVZA 1 728
159 M86TB4IA 19 1379
163 ZXIM5PI1 2 794
170 R29I62ZF 10 1931
172 5BCC6KS6 3 1132
174 O1EYO4IO 7 469
176 2886KR7L 19 1475
177 YFXWB0P4 3 659
189 7DVITDYP 20 953
217 W2IGFMAU 10 453
227 JADSJWUW 3 644
249 7YD2HJEO 18 1861
251 99LZS5LQ 2 1480
256 KD0RAKXR 10 1543
268 1Q5CO02H 6 1602
280 I1KX2Y77 14 233
286 GI4RXW7M 5 1630
294 QD7H1JEV 8 1146
305 JKGAIWYN 6 452
306 00DP2XQT 9 543
310 JAE2ZCFB 10 1428
317 CDPRSILR 3 454
339 3OX6YHUD 8 340
343 AMC041HN 9 442
356 58KSZIOC 18 276
364 VIUUBW6L 15 1641
397 PYZN3K3P 13 1258
402 QHOP66VE 2 915
405 FRC0XWAY 18 1955
406 V1M5PN24 11 173
407 R3POTIXW 18 418
412 52YNFW7W 2 1368
417 SHS7TC77 1 921
437 OZOROYID 4 1870
437 SOPC7P5X 14 1533
443 U7VCXB9I 14 1821
455 ZGV7VV2L 18 105
463 96EZWCVZ 20 1554
471 FUS9J7J0 1 541
477 CFYPLFNW 12 345
488 7U3F4GEI 5 319
500 W5QR0IRQ 18 82
507 VZAEIY1V 11 568
508 K9NE3YXT 17 1937
511 WIH8DBS9 10 457
517 D2AGWI4U 9 1101
524 O829JVCV 5 218
538 MKHVRIOP 1 1200
548 QPCO79SS 5 9
566 VU5QSA3Q 20 1103
574 LCGEM82D 17 1097
580 GV4SDEK9 14 2046
580 JO1YL14P 8 30
598 DMLP3PXA 16 1224
608 790W09NE 11 618
617 Q09VD3RK 14 760
630 DZ9MAVN1 18 1034
633 QOTKQCAY 20 1846
636 WISEDGH5 14 1167
643 3WLSSFSA 11 872
661 FK6GIXLH 1 273
665 4TM2ZXJ4 7 1963
666 J9IWZ2HP 1 44
668 GOY83WMD 4 560
671 H0IDVGOS 6 665
679 UFIH02ZY 4 1997
687 V054WS6C 6 1419
712 FB8M4RQJ 19 1453
723 80T5FUG6 5 919
723 GCPUDI2I 12 1175
725 9LMVJ5OH 11 1981
742 RP5KYPI9 5 444
766 E0TOB7DJ 9 478
772 6U92WX4U 10 1062
793 ZI1F7HMA 8 1482
813 1CG4C84A 17 346
816 TLV9OVNU 15 299
818 R4QOXRWE 6 394
819 6DV2UBE7 16 308
821 T30AB64T 11 1431
827 ZHDIBDOY 6 209
832 DE0JE2CT 19 1499
841 S5VRWJNN 9 632
853 Y14C4KMC 10 1742
864 VPXUMVHZ 2 1068
870 9YSBONQ3 5 372
874 JVCCI5GE 20 434
893 JOSK4JGI 16 1272
899 W6MYW9O0 5 950
913 XNO9KV56 8 1637
917 0FMXE0UQ 9 712
934 28JFJZJW 10 1865
936 IIFZU98X 10 1835
954 VFVRDS1C 16 14
961 LF2FUP4M 14 977
963 AB5SX2OD 20 894
965 TS4KQDAE 6 65
980 BT94M5VT 8 489
984 V1K55KU1 2 1112
984 VX7CLUZG 19 72
988 4YA4Q3XN 5 728
988 PNHAS36S 12 1173
993 GY878MTQ 11 1303
1012 G7ESXWCE 4 255
1018 9CZHBLCE 20 826
1019 T7GS6LNJ 17 569
1020 D7OECJ9V 20 352
1026 H7J0S6YM 1 86
1026 MVIJ3RZA 13 443
1037 7OFOT8LX 13 606
1080 Z8U4FRH3 3 93
1087 8A58Q6CM 8 1314
1090 4M9H0B4C 17 1079
1100 8UY7FDTD 5 629
1105 IBSPXQU0 13 1060
1109 B8KAI56M 14 1329
1116 T6FPU3BI 16 1390
1118 9ITXSJJI 13 590
1126 UQK088AM 20 1077
1129 MJIKGQY4 15 615
1134 AL8BDCJL 11 1805
1134 QAJEL1VQ 2 1919
1136 8VETJ3G9 14 332
1136 ZIKAN71U 8 746
1141 WH0M75Q2 12 1835
1157 BNAE4SOP 11 1389
1162 C2C0KUNF 16 112
1166 OCLXIQW4 1 13
1168 NYQR9O42 6 455
1169 NUS81PZY 3 296
1173 SPADO8C3 10 1772
1181 P6Z46AXN 19 1369
1182 J9Z32SES 12 1879
1223 HUK9T0B3 13 526
1224 505P32QU 16 1817
1226 V3BRYC9X 8 813
1230 Y8CT6H37 20 1131
1236 O4RNQKO6 15 1319
1249 L6937KUQ 12 1643
1253 BYPQEDR8 7 1551
1259 G89ZYJDS 16 442
1266 B9LVIWUF 8 780
1280 U754H33K 9 1399
1282 P7XRJAWW 16 719
1292 I4U99VW3 12 1417
1309 3E716IH1 14 166
1309 03OB75GW 9 1143
1310 UMZ5YROG 19 210
1322 RBDN9I9L 14 1427
1359 O0EDFRIF 14 2030
1361 GCRBWEK2 7 1555
1370 1GHVA6OT 3 743
1376 CPYJHCGU 12 288
1379 JZCCE9J0 8 113
1385 FT7UNQN0 18 306
1396 3FIW70WZ 5 2003
1400 GXVYKOYC 1 456
1409 JO74IC29 20 417
1426 ABUYSJF3 2 98
1428 S3QUPM7N 9 1764
1440 RIGF1TEC 9 270
1460 87FGDO3O 15 974
1461 T45JYIA4 8 990
1471 6QKDTCMX 17 1634
1499 DIX4GD3S 1 1695
1521 L2SEB1T6 2 1662
1530 0KP9X3VJ 6 1454
1533 FAEYN6G4 14 1669
1540 A24PSLF6 12 1127
1544 UTCC45TS 2 1798
1552 34DNP1EB 13 1503
1553 2ZVB35V4 20 1961
1573 8HXTGQHB 20 1874
1593 1VHCWO3V 20 1184
1603 APAOIZGF 2 698
1615 R14C67CY 12 1687
1617 1IRWU1E5 13 1066
1622 E8XHGX2B 12 604
1640 38PRGXGB 3 1664
1645 DDU4C5NG 13 941
1646 4XF0PONF 2 1915
1661 126AUK75 5 1306
1662 3F73EI5T 13 705
1727 F7CUNM1Z 9 982
1735 BJPDS247 20 1170
1737 CRNTVA90 16 756
1747 T1F9LFQY 7 1428
1750 OLVYYT09 9 766
1765 INNKKTR2 18 787
1778 G5DRL9YD 15 1141
1783 VEX7O9QY 14 1080
1794 4YHHVPIJ 12 458
1802 68LZRGZH 1 1610
1810 ERFZPYJ8 2 408
1813 3BCKVGWZ 9 1710
1830 IXHDJ66O 20 221
1831 30SLG4NT 15 1049
1861 NW25C3EG 19 332
1876 V8Y0LSAE 13 1499
1886 4BAJTRSD 3 923
1889 DDU1QRKH 11 1603
1894 6S9B3MXV 16 433
1903 GFYD93X9 4 1449
1926 F0AW7NMK 17 958
1935 LJARY8V0 9 1714
1959 SJLOASJ3 5 1885
1968 DPW8B2Z9 4 1209
1974 SJ6M0D89 10 1873
1993 HUEETAGG 1 1503
2006 Q3L7UACK 8 2027
2018 LWLW29J8 11 1516
2024 L6CE9GQ6 13 853
2039 A9JDNNIW 20 1771
2039 QPCOP7OZ 7 857
2043 FL3YOI1U 15 266
2052 ZEXUXKSZ 10 1806
2055 6I97SEMK 16 1274
2058 00G99D89 9 1432
2059 5GNY005N 18 1991
2069 AB4SXWQG 15 1822
2082 Z7LXR0Y6 5 1228
2083 02TJ97Y4 14 567
2087 TW7EQI5R 6 1001
2095 7A0RWN1U 9 1085
2097 4K2DUSDZ 18 1819
2102 KX8ZG54W 2 1273
2114 O7ZGQAUN 16 502
2128 TPMR18RY 10 357
2135 NMVXTN2D 3 912
2148 7DAV8RPK 10 965
2158 Y7P8QGBP 15 501
2164 TOJ80HZH 1 1220
2180 TX4F2ECV 4 1705
2203 YBM8HMW4 17 774
2206 01MRW0EO 14 1317
2215 LTNM25FB 15 1799
2216 S6NXG0XV 4 1082
2232 2J6QJ9JK 19 1975
2232 BKY0OTB6 17 1983
2249 8N6C5YA5 15 898
2253 SJ2B39OX 10 80
2273 S1J6KKYA 20 1633
2282 QXAC22MQ 2 1402
2290 5ER4X661 18 1196
2297 TNYHCDEG 13 687
2297 XPNLBLRA 12 124
2298 M38K7Q9M 8 1515
2308 XML51O01 3 1980
2316 YNN5GL9B 19 215
2323 SOJ2JUB5 4 1343
2344 YY4T8L3C 13 856
2345 1435NPFZ 17 1156
2352 OJP7BQOM 13 1833
2364 6WXS0M7A 9 998
2369 QRZVBPXX 13 771
2375 MYRRMB59 4 1138
2381 KEKEN224 12 614
2384 NGKJ40E7 13 783
2385 ATP24ORQ 13 1544
2389 LDZE3QZR 3 1695
2392 FZ4C8MPE 12 1204
2398 O3Q7QGUA 3 1188
2402 C7BJO4IP 10 1515
2415 0LXFT8TF 11 1129
2418 ULA30IZL 2 1596
2442 KHAQR932 3 424
2443 98KP1LZT 14 85
2456 J5UR3ZZE 8 1398
2478 22175DOX 6 83
2479 TND7ESS7 2 887
2485 K65LOJ9J 12 1439
2490 YD9X0SW6 13 1579
2500 KOUX8T6A 4 1670
2501 ZWK1SY8M 18 1245
2505 C1TIIO24 9 792
2508 LWSM9CFK 6 1328
2536 LYIY9YB6 3 969
2552 7FEA0AHJ 7 1503
2563 XDOABTRX 2 433
2571 YYULF9R5 9 2004
2586 GQZZD0TE 12 426
2588 E2QAQPH4 13 753
2589 NEF9CYVP 15 249
2595 Y5FQSDKD 19 1554
2610 M34WFEY5 20 295
2612 0USOQ60W 12 1829
2612 TY83V0OX 3 62
2630 T4RZ91CW 19 1437
2641 XWNEJ1IH 9 1001
2655 HUIYKNIV 6 825
2676 KBF6AKY2 4 879
2677 69IN1G4S 19 337
2682 3YIRGBNR 2 577
2683 3885DNS8 9 1417
2694 307DLH4K 17 686
2716 23VCLH50 12 242
2753 XM8GYXOX 13 1521
2830 5EYUDOU7 15 44
2831 0LWRKUW9 2 762
2844 ND4EDEVO 19 777
2844 RC2DG8F2 14 884
2847 4JE9BZ5G 7 1643
2852 6FKCABO3 8 1874
2860 IOS260U0 3 1198
2862 3JNYYIIY 18 610
2868 ARUSDMKO 20 105
2871 DG2CT1W8 4 1370
2877 SBOQMPN5 8 155
2883 6BRF0YMT 12 1707
2888 2YPDRFPH 5 621
2891 LDFMBJ2F 14 1730
2899 6262NJIL 2 121
2909 Z5R6P0FY 15 1437
2914 T664YGZ5 7 701
2921 6MNNJGTR 17 1564
2925 UBPC28BW 12 1055
2926 BBS4FXAR 16 652
2926 VCAIAKB2 2 716
2929 5PPE9E8I 12 1126
2931 A34ZRNNO 6 1042
2938 VUX5TL82 20 1823
2965 UM4UZIIU 11 952
2966 TAWT3NG7 3 509
2976 T7HNOA1E 1 1747
2978 9UEUEYOK 14 1147
2981 JX42D8O1 4 171
2982 AZEAYXRT 4 1296
2990 0FSE9ZGZ 5 258
2990 T4FRB7ZY 9 268
2993 6MW8NZJL 5 353
2995 LWND8NQY 19 645
3020 MQA973GL 11 520
3033 SGQS96AN 11 997
3034 LNL1JGKH 8 13
3057 TDZP0WZE 20 418
3084 PALB23LQ 6 1442
3085 EYYNRP9I 9 826
3085 H30GP4JH 19 1142
3097 202148QE 10 213
3098 HJ23DLMS 2 1256
3113 06R25JMC 11 989
3124 FTBZ8T0L 8 86
3127 2X6VTLBQ 19 1193
3130 VG841KM8 5 583
3138 TYLWP23A 2 1025
3142 OGQ0NZJB 12 1690
3142 YY5GC8M3 19 1880
3147 83QCZVRD 1 936
3164 VIAIXBOD 3 1829
3170 59Q5UJWM 8 1674
3171 GOLZ0NV9 6 319
3171 U32ZPXGZ 20 1283
3178 Z8EBESVD 11 468
3179 T3314BHO 17 1517
3192 5V2MAM3X 15 583
3194 5WI0E6FS 3 1901
3210 PHQEQK4W 15 1159
3224 TWTNCGZ3 16 1502
3224 ZZGLWK1Y 2 554
3242 NK4JMJD3 3 962
3245 A701SFDD 4 1668
3246 U6U54EGJ 14 357
3261 H1SIHQJ2 14 1455
3264 2TAX21SV 9 279
3311 ZG52BEPA 12 1102
3313 P8VM9RQ5 4 1337
3314 IDYGJK0H 13 896
3323 T7M8K0JM 10 1908
3340 JTD7RXP5 17 1681
3345 MCOP3N64 10 465
3350 UEZ9S2MH 3 780
3372 GAZ8VA19 3 537
3384 BQNLDJLL 14 118
3390 FPU5NODV 10 690
3407 3UEJM2Z5 17 1077
3413 UM4KN5DV 13 1841
3413 VUG76SRG 10 1145
3425 WJOKOU7O 11 1507
3429 FLQVEUHM 4 1999
3430 1SCTTZQL 14 331
3432 8CZ3BEEV 5 1007
3448 8X0T2NBN 5 1224
3449 GDY45JUA 2 1871
3451 L4BHDLVU 18 715
3456 RQ1IHEEL 2 1899
3459 9IDQCTEN 1 486
3461 C282ZGMD 6 561
3483 5NUD0VZC 6 1707
3483 6VQR2TN4 8 1963
3497 M36RGFA0 9 313
3504 O9H24Q3C 11 1687
3505 UUKM9Z8Q 19 1128
3518 NE8EKXOV 16 243
3522 DN9SKPH8 4 1076
3525 R9AXH4XG 13 78
3547 M18AFGV1 7 1523
3548 0NKBIUDM 1 420
3553 WK785CVL 15 1590
3558 BEDZ3OB0 10 1517
3560 PUQHI06J 7 375
3568 BPYUNL38 2 340
3572 CQLRAEOJ 6 71
3579 6SAQ43H3 11 1025
3583 LXVPA04J 18 1097
3613 5M568TRD 1 1652
3617 GXNVKJ5E 4 174
3629 CFC20J4H 10 1157
3630 BSLRKTZU 4 115
3635 O8LWGIBC 19 776
3642 SO4SKATU 18 1627
3671 774FQZ95 17 48
3676 YPH7SECG 14 1883
3683 OZHLFRTC 2 1931
3713 7XTUT7J6 13 1327
3726 4TW2J242 10 1947
3727 XKIO7Z46 7 1088
3730 13XON8MX 3 971
3744 BVVLHEQ4 13 777
3752 XEVK9UV1 10 944
3759 RM9B12TP 9 474
3761 JV23Y0DM 12 1586
3766 IYR6E4RT 5 543
3769 U4CFGBQ7 15 1725
3792 7P3H8ZT2 20 727
3795 72D0PSG5 20 591
3800 884S6ZDN 16 743
3802 H8MZSHWH 20 384
3808 8JKI31O9 18 1452
3810 066KA2YO 13 628
3823 ZU4G15DV 8 389
3827 Q6HCSOC0 9 1975
3840 U5CFOYG2 8 1463
3841 64HHA9SH 10 1141
3851 SROFDXFC 2 1836
3856 4QEBVH9H 4 1261
3857 VCFHVMEC 11 132
3864 8A2AAYGA 2 300
3895 O096NB6Y 18 651
3915 86X5B9NM 15 718
3916 XFLUDFZ8 5 1494
3941 RQRNIGAQ 6 69
3952 9P532YY4 10 750
3953 96NOVUL8 8 2047
3962 MM5PJ7N9 6 410
3963 AJ0RHF5S 5 468
3965 W55JOF0U 1 436
3978 MVZEJFHL 12 854
3985 9D47M4XV 5 299
3985 W4DW61JF 13 1517
3996 MYKXIVC7 20 311
3998 A70OGQNH 14 737
4015 EHTZZBPK 13 398
4026 J46L1XKO 10 909
4039 VUQ2HDEV 12 865
4040 KJ3ADVXB 19 13
4052 ALYOJ42G 4 1599
4060 HENKB7PS 6 1295
4071 RR509Z6U 9 1209
4074 1VGHL9DR 11 1580
4074 3FMBNJ2J 4 2004
4076 FFJICF51 17 686
4084 3DP2292A 9 523
4089 P6GOWIPF 14 1701
4122 3OA521TU 7 1643
4146 5XNPZXCZ 7 521
4148 A7X7B0E3 4 1966
4149 A6ODOEP4 19 806
4154 JS04MK1V 15 146
4167 MQY2RAO9 19 945
4172 A2HM3YCX 13 1835
4208 4OV5C00W 16 103
4210 IPJIRUK2 16 88
4214 RAOMZD4Q 11 92
4217 TJ29PY7K 7 7
4218 C3GQZO60 9 242
4219 6OUIIVKV 16 429
4232 4URPC1LV 5 974
4239 1WFR5C8U 18 259
4260 FMD1EFKI 11 1354
4265 Q2TEW07U 13 1826
4269 VJJ36VXY 19 421
4308 ZDOD432D 1 2003
4316 S793O9NS 15 805
4329 CRA1JM8B 16 236
4329 ZWFL4HC2 4 1274
4337 GVF3OZ21 19 1932
4342 76S4NHNH 1 325
4357 5PDXL01M 15 1802
4360 69Z2Y7UF 10 1492
4368 QCZ62UB8 3 2010
4374 5XNSPPGT 14 1666
4379 UNKT326O 17 1955
4383 B76D7P7Q 3 1266
4385 CUNMBK69 3 1864
4402 BAC55IRB 15 1444
4424 OVR32O8C 3 1212
4426 KHSVZN79 6 1534
4434 E2LC70IX 18 981
4438 UZQ1Y6GR 6 316
4449 YTH2DD8B 15 1637
4476 66GNZTX3 15 494
4477 4IG2KTZX 20 1497
4496 SPYNFIZX 11 42
4519 4FZOLL91 19 757
4519 ELLRUCKV 1 196
4531 0YJVXSJ7 2 1335
4539 D99P8WWM 18 1202
4543 SYDM4WCJ 10 410
4556 8D690U2Q 13 1841
4560 JHR3G1B3 14 291
4562 ZCTTEX0S 4 754
4564 O3PB2Y7Q 1 457
4567 NHP7P77P 12 1736
4583 66ANQ7JW 11 778
4585 NNWHKHVH 18 1519
4594 2HFE5BHG 16 1948
4601 3Q7C0N8P 4 477
4607 HBWG4A59 1 406
4613 7PJWRVEJ 20 1942
4616 0SPWJT0X 8 709
4625 YMW25PIL 10 510
4628 RGHG010Z 13 1618
4632 5Y3FJOSO 11 789
4653 03MY4I3R 10 342
4655 18U1T4E6 17 986
4659 70A3EWMP 4 1313
4668 QCWJMNL8 14 931
4675 21X4UUPY 11 1068
4685 MV90VVQR 11 1278
4688 X4HDRYRR 14 323
4689 K1KAWIK2 5 229
4689 N8IWSTOR 8 329
4701 8HLLH3EE 4 949
4705 E7TPYGDM 2 1402
4720 HPBYOO9Y 6 1379
4722 ZBWWOHAU 5 978
4728 JOL6YQTZ 3 1694
4734 I2GNTYW1 2 1913
4735 I5TC8382 3 210
4749 MZ5M4MSY 7 1848
4755 4LV6KA62 16 506
4755 JN4K04WU 15 1443
4759 QU7AX3M1 15 475
4765 GQHZ8SKD 15 1042
4771 GZ13Z586 13 1939
4775 8DO3V5WQ 17 1109
4782 4VV1KXLJ 12 465
4787 PJPGJTFI 20 1922
4798 IAP57NRR 11 519
4805 VIILAIY6 9 1896
4805 Z5MKYGOE 13 629
4820 9WXYKGAK 17 1129
4824 X5JDW97F 1 295
4828 KYXSC9R5 18 1431
4833 QITBEZYA 9 1576
4834 M55FD1KI 14 692
4838 VUU7XZHW 14 231
4839 M26M7SNC 16 1961
4843 5Y5J7IZK 6 992
4847 CKK07VXQ 17 1080
4852 SNYGU0KO 20 534
4859 E3G1GDBO 7 1873
4859 PA8R8XQ0 15 895
4861 2LSNAKIO 3 1602
4861 7SMJ4OT4 4 1557
4877 ZCQ9UXW5 14 863
4882 QPREPTGB 13 423
4885 ZX8FRO5M 8 1654
4894 JP4WMKNO 16 1884
4898 GFRLTERD 17 1504
4905 UUL16K1R 8 1700
4911 IGMHGDC7 15 191
4933 KX5SW98W 2 804
4940 H4CD8053 15 1070
4958 7MZCQ211 14 478
4964 ZNL1BY4I 7 424
4979 ZKLC1FJ9 13 1220
4980 9DQXNTL8 10 1311
4988 1MKG398A 12 1972
4988 X7DDUME8 4 1112
4991 ZK1EI36V 3 1208
4994 WCIF5SJS 7 1532
