0 P0 453 439
6 P33 377 1478
64 P7 159 773
81 P18 134 1227
87 P24 716 1727
88 P9 344 71
99 P5 301 1809
116 P6 640 1382
118 P16 88 84
130 P27 106 1083
134 P4 188 1359
142 P32 887 1594
152 P20 743 1072
167 P41 583 328
173 P26 493 205
178 P40 345 1726
180 P3 436 1856
186 P37 582 1627
188 P31 889 261
236 P28 565 1809
246 P14 701 283
267 P19 357 1345
268 P13 964 1299
268 P34 170 1239
272 P36 610 1992
275 P23 557 1123
279 P15 656 473
282 P11 93 110
292 P12 576 186
298 P39 549 700
302 P1 983 1921
302 P21 595 1830
304 P29 647 356
317 P8 106 1819
327 P38 554 1019
347 P25 775 716
391 P30 668 1297
400 P22 406 1625
410 P17 550 323
410 P35 554 512
412 P10 938 439
416 P2 669 1455
