0 P0 845 1943
19 P11 189 1412
30 P12 118 1436
74 P24 278 861
78 P30 330 1898
91 P26 940 411
93 P15 430 1575
129 P22 616 863
143 P17 419 392
153 P27 869 676
158 P5 247 1392
160 P8 250 1168
163 P18 79 9
214 P19 794 560
217 P16 490 471
219 P13 284 380
223 P21 487 1936
230 P7 675 1046
230 P9 561 1639
232 P28 671 60
240 P29 78 914
242 P4 20 1050
242 P6 277 861
246 P10 95 1761
256 P3 483 630
257 P2 358 428
257 P20 218 1336
259 P23 940 637
274 P14 275 1733
290 P25 262 893
295 P1 327 1948
