0 P0 475 294
11 P32 153 1708
21 P20 913 578
26 P9 500 1684
38 P11 911 1335
39 P2 378 621
61 P17 302 1011
78 P4 637 315
88 P29 454 2002
94 P23 744 399
99 P27 486 1339
105 P21 694 516
108 P7 780 1923
120 P18 849 1574
120 P24 963 494
148 P8 198 1797
161 P28 641 1343
169 P3 789 471
170 P31 69 314
173 P10 517 1307
182 P22 799 1442
205 P26 38 1201
205 P30 249 1747
208 P19 276 1347
209 P5 273 182
216 P6 420 1309
243 P14 494 261
252 P13 62 115
260 P16 429 412
290 P12 239 168
312 P1 80 879
325 P15 430 1102
325 P25 18 476
