0 P0 443 1856
1 P26 983 575
7 P28 739 1668
8 P40 819 1001
24 P17 770 351
25 P15 40 1228
39 P9 775 466
57 P37 234 412
63 P16 921 15
63 P34 776 480
66 P25 731 1659
69 P19 759 1332
69 P33 550 441
95 P10 883 1987
115 P7 345 18
119 P13 873 1465
121 P35 714 848
121 P39 396 580
127 P20 720 1184
160 P23 197 268
170 P8 77 582
180 P31 986 2016
182 P38 865 1639
188 P4 819 930
191 P41 235 1942
195 P42 783 688
198 P1 337 530
282 P14 72 907
282 P24 582 1821
284 P21 973 1201
301 P30 828 1718
307 P29 437 1964
309 P12 521 1240
328 P6 743 956
330 P5 852 655
343 P18 298 1710
356 P36 357 60
375 P11 952 1859
375 P27 288 82
384 P3 77 868
391 P32 99 916
414 P2 152 552
417 P22 147 1861
