0 P0 20 697
4 P15 675 1423
23 P31 487 1181
27 P40 553 1762
28 P23 423 1231
48 P27 513 1149
58 P11 91 323
78 P21 495 343
84 P6 546 1390
93 P36 596 1795
100 P38 74 1963
108 P13 101 1666
111 P34 94 115
116 P12 943 1229
124 P35 783 660
134 P32 380 524
137 P37 250 66
140 P30 752 1901
148 P18 323 304
151 P28 345 1562
160 P17 905 1285
160 P7 824 305
164 P20 764 1933
182 P42 508 191
187 P33 595 888
190 P9 808 1156
195 P19 815 264
200 P26 584 1037
241 P22 693 1951
248 P16 723 1067
249 P5 711 1612
251 P41 855 437
283 P1 370 316
284 P14 594 1028
293 P24 589 397
307 P39 94 511
385 P2 985 1133
392 P25 380 965
395 P29 677 548
395 P4 121 438
424 P8 219 1778
425 P10 668 796
427 P3 113 711
