0 P0 190 1240
3 P31 457 1154
9 P30 550 984
38 P11 746 1102
65 P26 907 1847
67 P18 765 1705
77 P1 334 224
78 P20 821 400
79 P13 339 1960
90 P12 460 1574
93 P21 45 1832
112 P19 260 60
114 P29 596 1032
126 P10 570 1457
126 P4 46 96
128 P6 579 1177
129 P23 554 1681
140 P22 676 806
140 P32 25 1325
143 P14 665 824
152 P16 504 1245
156 P27 545 1913
163 P5 85 1153
179 P24 349 1765
184 P33 137 1377
191 P8 676 1068
197 P7 478 1640
198 P3 504 741
201 P25 881 618
217 P28 437 1834
235 P9 83 713
295 P17 518 1225
311 P2 915 33
335 P15 137 1911
