0 P0 158 2028
4 P8 521 310
14 P11 539 321
44 P22 146 1666
68 P20 57 1206
71 P1 205 1609
96 P3 969 1604
99 P9 918 683
100 P14 842 1966
107 P5 119 1287
117 P17 865 1759
150 P23 20 1164
156 P21 271 702
158 P27 937 89
164 P2 265 1496
187 P35 287 1208
190 P29 296 1990
192 P33 26 1461
204 P28 276 291
209 P32 952 991
213 P34 743 44
220 P7 927 375
224 P13 974 1720
240 P25 129 457
242 P19 604 478
245 P31 447 94
253 P18 160 387
256 P26 499 2031
268 P6 70 57
272 P24 231 1360
287 P4 350 350
303 P10 299 1915
314 P16 814 293
332 P30 830 274
333 P15 181 394
346 P12 585 1955
